10 13 1
  0.4128117844843111E+01   1   1   1   1
 -0.5541710340317575E-02   2   1   1   1
  0.1164756262556400E-04   2   1   2   1
  0.5297312882612126E+00   2   2   1   1
  0.2361739390546548E-02   2   2   2   1
  0.3507260036837200E+01   2   2   2   2
 -0.3275654420890907E+00   3   1   1   1
  0.6112589998602880E-03   3   1   2   1
  0.6622918676907332E-02   3   1   2   2
  0.4363046301482605E-01   3   1   3   1
  0.1157453903113132E-01   3   2   1   1
 -0.1884353041711272E-03   3   2   2   1
 -0.2500509165228125E+00   3   2   2   2
  0.1655569129104848E-03   3   2   3   1
  0.3077129712610744E-01   3   2   3   2
  0.8780050390120041E+00   3   3   1   1
 -0.5392135226360562E-04   3   3   2   1
  0.7398338804175223E+00   3   3   2   2
 -0.1504573812554651E-02   3   3   3   1
  0.5210836958565876E-02   3   3   3   2
  0.7523993081665017E+00   3   3   3   3
  0.3553186868959814E-15   4   1   1   1
 -0.5155782518785786E-18   4   1   2   1
  0.1424989786303348E-16   4   1   2   2
 -0.3860104303836512E-16   4   1   3   1
  0.6785495660296898E-18   4   1   3   2
  0.2929547735685419E-16   4   1   3   3
  0.9805730638094749E-02   4   1   4   1
  0.3125259906856514E-17   4   2   1   1
 -0.1984621715175640E-18   4   2   2   1
 -0.2857594134299844E-15   4   2   2   2
  0.1465098421353710E-18   4   2   3   1
  0.3348969628335957E-16   4   2   3   2
 -0.2933768450481568E-17   4   2   3   3
  0.5082053399345298E-03   4   2   4   1
  0.8987169183386904E-02   4   2   4   2
 -0.1629216013302538E-15   4   3   1   1
  0.5509728932321865E-18   4   3   2   1
  0.2365124479112403E-15   4   3   2   2
  0.1433039290143199E-16   4   3   3   1
 -0.5154539156462200E-17   4   3   3   2
  0.5365672226653157E-16   4   3   3   3
  0.1424754592274685E-01   4   3   4   1
  0.1203795700091019E-01   4   3   4   2
  0.1113898768821462E+00   4   3   4   3
  0.7078232188232404E+00   4   4   1   1
 -0.5746409400189754E-04   4   4   2   1
  0.6453720163622140E+00   4   4   2   2
 -0.1401334356520557E-02   4   4   3   1
  0.9957795408039802E-03   4   4   3   2
  0.6180772529772545E+00   4   4   3   3
 -0.1145998588517502E-16   4   4   4   1
  0.1471156945371214E-16   4   4   4   2
  0.2854586927621163E-17   4   4   4   3
  0.5814613322060322E+00   4   4   4   4
  0.4963571399210890E-14   5   1   1   1
 -0.6906548120777486E-17   5   1   2   1
  0.2948571218474881E-15   5   1   2   2
 -0.5003103885659787E-15   5   1   3   1
  0.1274915510345130E-16   5   1   3   2
  0.5238568773588637E-15   5   1   3   3
 -0.1428957005177737E-16   5   1   4   1
  0.7200622107664505E-19   5   1   4   2
 -0.1207007028251227E-16   5   1   4   3
  0.1767170674505621E-15   5   1   4   4
  0.9805730638094820E-02   5   1   5   1
  0.6369741032623771E-16   5   2   1   1
 -0.2555662462269887E-17   5   2   2   1
 -0.3552665977009129E-14   5   2   2   2
  0.2091261146777051E-17   5   2   3   1
  0.4224712192267450E-15   5   2   3   2
 -0.1205781693751102E-16   5   2   3   3
 -0.2404603152770811E-18   5   2   4   1
  0.1251774465837589E-16   5   2   4   2
  0.8860746615203645E-17   5   2   4   3
 -0.1819630111721696E-16   5   2   4   4
  0.5082053399345298E-03   5   2   5   1
  0.8987169183386835E-02   5   2   5   2
 -0.1582044936675251E-14   5   3   1   1
  0.7171980951912694E-17   5   3   2   1
  0.3534795089525351E-14   5   3   2   2
  0.2106485351596826E-15   5   3   3   1
 -0.4470781222156685E-16   5   3   3   2
  0.1242474850977398E-14   5   3   3   3
 -0.1255603898565609E-16   5   3   4   1
  0.1081783292090126E-16   5   3   4   2
 -0.2366891822093990E-16   5   3   4   3
  0.5302023539288668E-15   5   3   4   4
  0.1424754592274692E-01   5   3   5   1
  0.1203795700091014E-01   5   3   5   2
  0.1113898768821462E+00   5   3   5   3
 -0.2493183071615711E-15   5   4   1   1
  0.1617282409477591E-18   5   4   2   1
  0.2362425791103915E-15   5   4   2   2
  0.5438274692350429E-17   5   4   3   1
 -0.7718102586066809E-17   5   4   3   2
 -0.3170256625517241E-16   5   4   3   3
 -0.1473679617383770E-15   5   4   4   1
  0.1014913143392283E-15   5   4   4   2
 -0.1483583057436571E-15   5   4   4   3
 -0.1784487488332154E-11   5   4   4   4
 -0.1054508712504699E-16   5   4   5   1
  0.8434075050357708E-17   5   4   5   2
 -0.8236897395454495E-17   5   4   5   3
  0.2488638400538239E-01   5   4   5   4
  0.7078232188232417E+00   5   5   1   1
 -0.5746409400190014E-04   5   5   2   1
  0.6453720163622126E+00   5   5   2   2
 -0.1401334356520612E-02   5   5   3   1
  0.9957795408040496E-03   5   5   3   2
  0.6180772529772545E+00   5   5   3   3
  0.9630188364960504E-17   5   5   4   1
 -0.2156580647094706E-17   5   5   4   2
  0.1932838172105092E-16   5   5   4   3
  0.5316885642437637E+00   5   5   4   4
 -0.1180188560262417E-15   5   5   5   1
  0.1847863275620754E-15   5   5   5   2
  0.2334857424311618E-15   5   5   5   3
  0.1784419834116591E-11   5   5   5   4
  0.5814613322060322E+00   5   5   5   5
 -0.2307091222924703E+00   6   1   1   1
  0.3095579195752566E-03   6   1   2   1
 -0.1424636416498525E-01   6   1   2   2
  0.2313812298172667E-01   6   1   3   1
 -0.6166667962871086E-03   6   1   3   2
 -0.2470988128634799E-01   6   1   3   3
 -0.3200757255499418E-16   6   1   4   1
  0.5179422776074960E-18   6   1   4   2
  0.9326875451098212E-17   6   1   4   3
 -0.8420843983345085E-02   6   1   4   4
 -0.4687421329972072E-15   6   1   5   1
  0.9009430922217624E-17   6   1   5   2
  0.1407133151477606E-15   6   1   5   3
 -0.1734723475976465E-17   6   1   5   4
 -0.8420843983345075E-02   6   1   5   5
  0.3176295792877441E-01   6   1   6   1
 -0.3570671661304768E-02   6   2   1   1
  0.1201025500350368E-03   6   2   2   1
  0.1692988023461391E+00   6   2   2   2
 -0.9525003828519194E-04   6   2   3   1
 -0.2008661293104388E-01   6   2   3   2
  0.4679595221312306E-03   6   2   3   3
  0.6729720237953629E-18   6   2   4   1
 -0.8381858852696051E-17   6   2   4   2
  0.2242949616600838E-16   6   2   4   3
  0.7804098044428269E-03   6   2   4   4
  0.8654185983102321E-17   6   2   5   1
 -0.9022614695752860E-16   6   2   5   2
  0.3008234764233650E-15   6   2   5   3
  0.4607859233063637E-17   6   2   5   4
  0.7804098044428017E-03   6   2   5   5
  0.9603419962358139E-04   6   2   6   1
  0.1339181808886433E-01   6   2   6   2
  0.7015645062310515E-01   6   3   1   1
 -0.3519512838650873E-03   6   3   2   1
 -0.1681848670957207E+00   6   3   2   2
 -0.9827212705092604E-02   6   3   3   1
  0.1992396498992719E-02   6   3   3   2
 -0.5964622976040038E-01   6   3   3   3
  0.1083744652205679E-16   6   3   4   1
  0.2072353754379108E-16   6   3   4   2
  0.6528403059731457E-16   6   3   4   3
 -0.2678911030979184E-01   6   3   4   4
  0.1405577192757973E-15   6   3   5   1
  0.2975160394075872E-15   6   3   5   2
  0.1119032720432130E-14   6   3   5   3
 -0.7264154555652633E-16   6   3   5   4
 -0.2678911030979144E-01   6   3   5   5
  0.7852800200799736E-02   6   3   6   1
 -0.2105476125577160E-02   6   3   6   2
  0.5863849575554125E-01   6   3   6   3
 -0.2802785763847484E-15   6   4   1   1
  0.8049758302051854E-18   6   4   2   1
  0.2498066927699565E-15   6   4   2   2
  0.2346489653854656E-16   6   4   3   1
 -0.2355241220668401E-17   6   4   3   2
  0.7189156235736835E-16   6   4   3   3
  0.6808007331251926E-02   6   4   4   1
 -0.4816929654135766E-02   6   4   4   2
  0.6349327069879996E-02   6   4   4   3
 -0.3793103052552012E-16   6   4   4   4
 -0.1011934271481642E-16   6   4   5   1
 -0.7166843437662215E-17   6   4   5   2
 -0.5199478376637243E-16   6   4   5   3
 -0.2864249718626709E-15   6   4   5   4
  0.7356448053583074E-17   6   4   5   5
 -0.1639365761444906E-16   6   4   6   1
 -0.5749026373067211E-17   6   4   6   2
 -0.1222550812949286E-15   6   4   6   3
  0.3820839308853888E-01   6   4   6   4
 -0.4278969482112182E-14   6   5   1   1
  0.1234923115689933E-16   6   5   2   1
  0.3883350266369590E-14   6   5   2   2
  0.3721161997491815E-15   6   5   3   1
 -0.3835548499686178E-16   6   5   3   2
  0.1245712062639175E-14   6   5   3   3
 -0.9997231029381662E-17   6   5   4   1
 -0.6699397357945854E-17   6   5   4   2
 -0.4327637227541554E-16   6   5   4   3
  0.1995049246548055E-15   6   5   4   4
  0.6808007331251980E-02   6   5   5   1
 -0.4816929654135728E-02   6   5   5   2
  0.6349327069880254E-02   6   5   5   3
 -0.2264373918190458E-16   6   5   5   4
 -0.3733450200849997E-15   6   5   5   5
 -0.2538060962508620E-15   6   5   6   1
 -0.7405535050190034E-16   6   5   6   2
 -0.1837273841676787E-14   6   5   6   3
 -0.3381079283510703E-16   6   5   6   4
  0.3820839308853904E-01   6   5   6   5
  0.9110528972934647E+00   6   6   1   1
 -0.6455684244028683E-03   6   6   2   1
  0.4626159794197086E+00   6   6   2   2
 -0.1890054656548468E-01   6   6   3   1
  0.2797607094609786E-02   6   6   3   2
  0.5600471953572053E+00   6   6   3   3
  0.6834706374284341E-17   6   6   4   1
 -0.1579165189087873E-16   6   6   4   2
 -0.1125382378572354E-15   6   6   4   3
  0.5226237160282725E+00   6   6   4   4
  0.7586630402200187E-16   6   6   5   1
 -0.1977112603671083E-15   6   6   5   2
 -0.1174549816523259E-14   6   6   5   3
 -0.1526556658859483E-15   6   6   5   4
  0.5226237160282732E+00   6   6   5   5
  0.1035509857104032E-01   6   6   6   1
 -0.5959694353481690E-03   6   6   6   2
  0.6644181132360716E-01   6   6   6   3
 -0.2198777170964679E-15   6   6   6   4
 -0.3397249020604468E-14   6   6   6   5
  0.7602744769277581E+00   6   6   6   6
 -0.4285976253429478E-01   7   1   1   1
  0.1159728875878489E-03   7   1   2   1
  0.6265111620385661E-02   7   1   2   2
  0.8081416934773242E-02   7   1   3   1
  0.2435922273245029E-03   7   1   3   2
  0.6777982774225644E-02   7   1   3   3
  0.1163498806966594E-17   7   1   4   1
  0.1556706472125288E-18   7   1   4   2
  0.9292065547974734E-17   7   1   4   3
  0.2033125750223379E-02   7   1   4   4
  0.2987358345687245E-16   7   1   5   1
  0.1383065957718573E-17   7   1   5   2
  0.1209566619175774E-15   7   1   5   3
  0.3117081245895660E-17   7   1   5   4
  0.2033125750223362E-02   7   1   5   5
 -0.1417058900915074E-02   7   1   6   1
 -0.6032288845619758E-04   7   1   6   2
 -0.5579528019968958E-02   7   1   6   3
  0.1586408891096955E-16   7   1   6   4
  0.2388283970450008E-15   7   1   6   5
 -0.9142766099303416E-02   7   1   6   6
  0.3167947618815805E-02   7   1   7   1
  0.1950369315041404E-01   7   2   1   1
  0.9382289068811685E-04   7   2   2   1
  0.2045809880060605E+00   7   2   2   2
  0.4287100170990296E-03   7   2   3   1
 -0.1669384082352156E-01   7   2   3   2
  0.2716612833559956E-01   7   2   3   3
  0.1121007739962794E-17   7   2   4   1
 -0.2135369046727079E-16   7   2   4   2
  0.1175180170063411E-16   7   2   4   3
  0.1105298764472251E-01   7   2   4   4
  0.2110205058667084E-16   7   2   5   1
 -0.2820416651968861E-15   7   2   5   2
  0.1640045807401063E-15   7   2   5   3
 -0.4770489558936048E-17   7   2   5   4
  0.1105298764472253E-01   7   2   5   5
 -0.1007675061969393E-02   7   2   6   1
  0.1333200719739546E-01   7   2   6   2
 -0.7838050619388337E-02   7   2   6   3
 -0.3176434969239053E-17   7   2   6   4
 -0.2761287216952312E-16   7   2   6   5
  0.1242788183672112E-01   7   2   6   6
  0.4820441934522955E-03   7   2   7   1
  0.3116636721845909E-01   7   2   7   2
  0.1206706284079124E+00   7   3   1   1
 -0.5615452954407617E-04   7   3   2   1
  0.5068269179476276E-02   7   3   2   2
  0.9334226782017740E-03   7   3   3   1
  0.7092886359326823E-02   7   3   3   2
  0.8178230726186440E-01   7   3   3   3
  0.1160927965417423E-16   7   3   4   1
  0.6989451928623562E-17   7   3   4   2
  0.2578292712896876E-16   7   3   4   3
  0.3848837247215461E-01   7   3   4   4
  0.1693083123820751E-15   7   3   5   1
  0.6716870980128092E-16   7   3   5   2
  0.2324857783562288E-15   7   3   5   3
 -0.3469446951953556E-16   7   3   5   4
  0.3848837247215478E-01   7   3   5   5
 -0.7849493512997789E-02   7   3   6   1
 -0.3231704592052188E-02   7   3   6   2
 -0.1031887425852199E-01   7   3   6   3
  0.1299363252305490E-17   7   3   6   4
  0.4585323564845079E-16   7   3   6   5
  0.3677422944508033E-01   7   3   6   6
  0.2646282974934964E-02   7   3   7   1
  0.6522208767989372E-02   7   3   7   2
  0.2917683398354674E-01   7   3   7   3
  0.1985704210147851E-15   7   4   1   1
 -0.3494678435972629E-18   7   4   2   1
 -0.1118026113603752E-15   7   4   2   2
 -0.4385411460783615E-17   7   4   3   1
  0.1154195119556588E-16   7   4   3   2
  0.6976437133007453E-16   7   4   3   3
  0.7333309138043314E-03   7   4   4   1
 -0.6403779525550317E-02   7   4   4   2
 -0.1152754672773908E-01   7   4   4   3
  0.7584424621176094E-17   7   4   4   4
 -0.1194476717366781E-17   7   4   5   1
 -0.1063790561326080E-16   7   4   5   2
 -0.3016738490292688E-16   7   4   5   3
 -0.1416119914979532E-15   7   4   5   4
  0.3122775995396194E-16   7   4   5   5
  0.4722120889243150E-17   7   4   6   1
 -0.1553211105418651E-16   7   4   6   2
  0.1921521871659809E-16   7   4   6   3
  0.6705155349190229E-02   7   4   6   4
  0.2016584070428079E-16   7   4   6   5
  0.1738500740709946E-15   7   4   6   6
 -0.2327834192019658E-17   7   4   7   1
  0.9386091500130347E-17   7   4   7   2
  0.2860686117394844E-16   7   4   7   3
  0.2919864129755876E-01   7   4   7   4
  0.2757323310183659E-14   7   5   1   1
 -0.4799045778479698E-17   7   5   2   1
 -0.1544468371708341E-14   7   5   2   2
 -0.6790819669817012E-16   7   5   3   1
  0.1472691472990697E-15   7   5   3   2
  0.8324932099893494E-15   7   5   3   3
 -0.9705858741824978E-18   7   5   4   1
 -0.9550698402316788E-17   7   5   4   2
 -0.2467469680326207E-16   7   5   4   3
  0.3970596421124345E-15   7   5   4   4
  0.7333309138043377E-03   7   5   5   1
 -0.6403779525550260E-02   7   5   5   2
 -0.1152754672773893E-01   7   5   5   3
 -0.1182166766014982E-16   7   5   5   4
  0.1138356591007197E-15   7   5   5   5
  0.6871547046396158E-16   7   5   6   1
 -0.2077236845471000E-15   7   5   6   2
  0.2725567158921145E-15   7   5   6   3
  0.1699669339442307E-16   7   5   6   4
  0.6705155349190118E-02   7   5   6   5
  0.2379468830978208E-14   7   5   6   6
 -0.3629291590483678E-16   7   5   7   1
  0.1276328449587000E-15   7   5   7   2
  0.4071337741542617E-15   7   5   7   3
  0.3702137864649140E-16   7   5   7   4
  0.2919864129755854E-01   7   5   7   5
 -0.1274921482481974E+00   7   6   1   1
  0.2213455833627975E-03   7   6   2   1
  0.7059954909647170E-01   7   6   2   2
  0.3167459279316022E-02   7   6   3   1
 -0.6817594581330262E-02   7   6   3   2
 -0.3824416869361331E-01   7   6   3   3
  0.4029273955129707E-17   7   6   4   1
 -0.1608266832045405E-16   7   6   4   2
  0.1879055110877169E-16   7   6   4   3
 -0.1824353752431786E-01   7   6   4   4
  0.6769699558697088E-16   7   6   5   1
 -0.2031447486702698E-15   7   6   5   2
  0.2689892881548277E-15   7   6   5   3
  0.6765421556309363E-16   7   6   5   4
 -0.1824353752431821E-01   7   6   5   5
 -0.2451062475060505E-02   7   6   6   1
  0.3305494172728171E-02   7   6   6   2
 -0.2367351134191600E-01   7   6   6   3
  0.1235374977194151E-15   7   6   6   4
  0.1813626886997003E-14   7   6   6   5
 -0.9697045886300179E-01   7   6   6   6
  0.1684102953044695E-02   7   6   7   1
 -0.5873604019030089E-02   7   6   7   2
 -0.1866418683936905E-01   7   6   7   3
 -0.1659905640926881E-16   7   6   7   4
 -0.2360644459820572E-15   7   6   7   5
  0.3952332230030674E-01   7   6   7   6
  0.4206523839888306E+00   7   7   1   1
  0.4640842058137226E-03   7   7   2   1
  0.8268857616771224E+00   7   7   2   2
  0.2178491848192597E-02   7   7   3   1
 -0.1882981772279974E-01   7   7   3   2
  0.4746129516201045E+00   7   7   3   3
  0.8484519717247702E-17   7   7   4   1
 -0.1685552961361781E-16   7   7   4   2
  0.9168282435606840E-16   7   7   4   3
  0.4703168598246045E+00   7   7   4   4
  0.1616926919908730E-15   7   7   5   1
 -0.1876895307924459E-15   7   7   5   2
  0.1451147082373852E-14   7   7   5   3
  0.1249000902703359E-15   7   7   5   4
  0.4703168598246035E+00   7   7   5   5
 -0.7761873512946077E-02   7   7   6   1
  0.9265571554422009E-02   7   7   6   2
 -0.6880515062977113E-01   7   7   6   3
  0.1567182459118165E-15   7   7   6   4
  0.2381198298225655E-14   7   7   6   5
  0.3577581458893504E+00   7   7   6   6
  0.2848089186347944E-02   7   7   7   1
 -0.1100609569593099E-01   7   7   7   2
 -0.1195700319882893E-01   7   7   7   3
 -0.1073505056576169E-15   7   7   7   4
 -0.1460279088218749E-14   7   7   7   5
  0.6660403126195202E-01   7   7   7   6
  0.7077244091636629E+00   7   7   7   7
 -0.2624050767773455E-17   8   1   1   1
 -0.1502628425478268E-18   8   1   2   1
  0.1771042633864466E-17   8   1   2   2
  0.1648062995979736E-17   8   1   3   1
 -0.1242604240239077E-18   8   1   3   2
  0.4315567299790214E-17   8   1   3   3
 -0.8820401493492083E-02   8   1   4   1
 -0.3727112966972750E-03   8   1   4   2
 -0.1167240160306716E-01   8   1   4   3
  0.1899191524331489E-16   8   1   4   4
  0.8314970420671282E-02   8   1   5   1
  0.3513540069320477E-03   8   1   5   2
  0.1100354378871636E-01   8   1   5   3
  0.1254899760145913E-15   8   1   5   4
 -0.2535316371144575E-15   8   1   5   5
  0.1642023769255363E-15   8   1   6   1
  0.6788906513477406E-17   8   1   6   2
  0.2174671150524022E-15   8   1   6   3
 -0.6231327713290498E-02   8   1   6   4
  0.5874257045526661E-02   8   1   6   5
  0.2312294225093400E-15   8   1   6   6
  0.1523630474551988E-17   8   1   7   1
  0.9168344284207306E-19   8   1   7   2
  0.1786332709542333E-17   8   1   7   3
 -0.4966612876062001E-03   8   1   7   4
  0.4682013532587025E-03   8   1   7   5
  0.1074833629264181E-16   8   1   7   6
  0.1021372871881457E-17   8   1   7   7
  0.1503986458422433E-01   8   1   8   1
 -0.2631390201785509E-17   8   2   1   1
  0.4478234052560246E-19   8   2   2   1
 -0.1672794827802735E-16   8   2   2   2
  0.9056118529846305E-19   8   2   3   1
  0.6126849346888527E-18   8   2   3   2
 -0.3814419829450889E-17   8   2   3   3
  0.3159660076478501E-03   8   2   4   1
  0.8361529666178060E-02   8   2   4   2
  0.9303261216443304E-02   8   2   4   3
  0.1493473915614165E-16   8   2   4   4
 -0.2978603649128594E-03   8   2   5   1
 -0.7882393097086769E-02   8   2   5   2
 -0.8770161073459059E-02   8   2   5   3
  0.8284474876559037E-16   8   2   5   4
 -0.1697427269540352E-15   8   2   5   5
 -0.5999966411760859E-17   8   2   6   1
 -0.1558618487232776E-15   8   2   6   2
 -0.1721401196152037E-15   8   2   6   3
 -0.4226481329677174E-02   8   2   6   4
  0.3984293375501614E-02   8   2   6   5
  0.1542745931451185E-15   8   2   6   6
 -0.2228346056808224E-19   8   2   7   1
 -0.2587928566850107E-17   8   2   7   2
  0.4526606648138438E-18   8   2   7   3
 -0.6208931529819450E-02   8   2   7   4
  0.5853144219400178E-02   8   2   7   5
  0.1151895596620313E-15   8   2   7   6
  0.1888315202016198E-17   8   2   7   7
 -0.4333521063931909E-03   8   2   8   1
  0.1482962924956679E-01   8   2   8   2
  0.3458761487614999E-16   8   3   1   1
 -0.1445560846107637E-18   8   3   2   1
 -0.9816957403091664E-17   8   3   2   2
  0.9254987773378653E-18   8   3   3   1
  0.7178943032058290E-19   8   3   3   2
  0.1958734458971254E-16   8   3   3   3
 -0.7054123878680632E-02   8   3   4   1
  0.3886523382541111E-02   8   3   4   2
 -0.1511568839003816E-01   8   3   4   3
  0.7970107649101086E-16   8   3   4   4
  0.6649904932134592E-02   8   3   5   1
 -0.3663815869257255E-02   8   3   5   2
  0.1424952162823710E-01   8   3   5   3
  0.4479073613640603E-15   8   3   5   4
 -0.8992362772450970E-15   8   3   5   5
  0.1310868271108985E-15   8   3   6   1
 -0.7253137505429227E-16   8   3   6   2
  0.2897329265013276E-15   8   3   6   3
 -0.2240168930966713E-01   8   3   6   4
  0.2111801646675433E-01   8   3   6   5
  0.8501500028777034E-15   8   3   6   6
  0.1077463720790341E-17   8   3   7   1
  0.1118897454321108E-17   8   3   7   2
  0.1080025638573724E-16   8   3   7   3
 -0.1093061196521697E-01   8   3   7   4
  0.1030426055295485E-01   8   3   7   5
  0.1979431912845023E-15   8   3   7   6
 -0.7649686969900814E-17   8   3   7   7
  0.1146056037774397E-01   8   3   8   1
  0.6970924924749627E-02   8   3   8   2
  0.4038528166913040E-01   8   3   8   3
 -0.2000508880966839E+00   8   4   1   1
  0.3900422833967624E-03   8   4   2   1
  0.1484367053112864E+00   8   4   2   2
  0.5391259930895431E-02   8   4   3   1
 -0.6255682206082034E-02   8   4   3   2
 -0.3645718039308841E-01   8   4   3   3
  0.1171384756704424E-16   8   4   4   1
  0.5260218716856116E-17   8   4   4   2
  0.1487038764665304E-15   8   4   4   3
 -0.2166726769020394E-01   8   4   4   4
  0.9357679717831595E-17   8   4   5   1
 -0.6847562718547840E-16   8   4   5   2
  0.9593944903383572E-15   8   4   5   3
  0.1296822025030746E-02   8   4   5   4
 -0.1891596723531947E-01   8   4   5   5
 -0.1090776327709465E-02   8   4   6   1
  0.3081950548391297E-02   8   4   6   2
 -0.4772381126773165E-01   8   4   6   3
  0.1696694130397081E-15   8   4   6   4
  0.1835160810000474E-14   8   4   6   5
 -0.1069530428544122E+00   8   4   6   6
  0.2024697498232743E-02   8   4   7   1
 -0.2778402877496287E-02   8   4   7   2
 -0.2279017895099079E-01   8   4   7   3
 -0.9646314028312782E-16   8   4   7   4
 -0.9533157983484848E-15   8   4   7   5
  0.4471698027931914E-01   8   4   7   6
  0.8786397538122417E-01   8   4   7   7
 -0.1846140766242194E-16   8   4   8   1
  0.1578941319263886E-16   8   4   8   2
 -0.3271304958635575E-16   8   4   8   3
  0.9456897266922568E-01   8   4   8   4
  0.1885874717131933E+00   8   5   1   1
 -0.3676918847342800E-03   8   5   2   1
 -0.1399309107318871E+00   8   5   2   2
 -0.5082327248779006E-02   8   5   3   1
  0.5897215964950155E-02   8   5   3   2
  0.3436809274648900E-01   8   5   3   3
  0.1688152977591330E-15   8   5   4   1
  0.1083793228763323E-15   8   5   4   2
  0.8425864053455049E-15   8   5   4   3
  0.1783203498759150E-01   8   5   4   4
 -0.1786097413320692E-15   8   5   5   1
 -0.4088504462266933E-16   8   5   5   2
 -0.1826077310141027E-14   8   5   5   3
 -0.1375650224978186E-02   8   5   5   4
  0.2042567904389091E-01   8   5   5   5
  0.1028272115182572E-02   8   5   6   1
 -0.2905347071417663E-02   8   5   6   2
  0.4498911748469419E-01   8   5   6   3
  0.3005508437977601E-15   8   5   6   4
 -0.2118899997908144E-14   8   5   6   5
  0.1008243659193271E+00   8   5   6   6
 -0.1908677266112431E-02   8   5   7   1
  0.2619193441492992E-02   8   5   7   2
  0.2148424467969071E-01   8   5   7   3
 -0.1987139927505761E-15   8   5   7   4
  0.1170306993196062E-14   8   5   7   5
 -0.4215458543453128E-01   8   5   7   6
 -0.8282914977016786E-01   8   5   7   7
 -0.2813822796329118E-15   8   5   8   1
  0.1645138898802320E-15   8   5   8   2
 -0.4007866397767523E-15   8   5   8   3
 -0.7273635020867245E-01   8   5   8   4
  0.8597966982999583E-01   8   5   8   5
  0.3707289673366347E-14   8   6   1   1
 -0.7384727286554532E-17   8   6   2   1
 -0.2746111796547181E-14   8   6   2   2
 -0.9839569692897088E-16   8   6   3   1
  0.1160971310005886E-15   8   6   3   2
  0.6918411601132392E-15   8   6   3   3
 -0.7889328129002461E-02   8   6   4   1
 -0.4827182859826975E-02   8   6   4   2
 -0.4264019028561775E-01   8   6   4   3
  0.4056018711905176E-15   8   6   4   4
  0.7437249889364605E-02   8   6   5   1
  0.4550573205114004E-02   8   6   5   2
  0.4019680070326774E-01   8   6   5   3
  0.3931899281688404E-15   8   6   5   4
 -0.4388559486150328E-15   8   6   5   5
  0.1670880798848469E-15   8   6   6   1
  0.3166367061328826E-16   8   6   6   2
  0.1678300674346697E-14   8   6   6   3
 -0.2093064779358655E-01   8   6   6   4
  0.1973126930985742E-01   8   6   6   5
  0.2760141527116199E-14   8   6   6   6
 -0.3607598097657329E-16   8   6   7   1
  0.5176388598144053E-16   8   6   7   2
  0.4248881109170971E-15   8   6   7   3
  0.1235024951460029E-01   8   6   7   4
 -0.1164254931905081E-01   8   6   7   5
 -0.1050708102727094E-14   8   6   7   6
 -0.1626388169757298E-14   8   6   7   7
  0.1311098080060279E-01   8   6   8   1
 -0.7691618676038623E-02   8   6   8   2
  0.1938713221568822E-01   8   6   8   3
 -0.1493973948694752E-14   8   6   8   4
  0.4138681184342334E-15   8   6   8   5
  0.6096935354645201E-01   8   6   8   6
  0.3726323380985448E-16   8   7   1   1
 -0.1252874866019004E-18   8   7   2   1
 -0.2330912192728913E-16   8   7   2   2
 -0.7721752818276582E-18   8   7   3   1
  0.2741670394118106E-17   8   7   3   2
  0.1894952664101170E-16   8   7   3   3
 -0.1095837588293253E-02   8   7   4   1
 -0.7391087962474294E-02   8   7   4   2
 -0.2434843735255119E-01   8   7   4   3
 -0.4208616698550420E-16   8   7   4   4
  0.1033043352872442E-02   8   7   5   1
  0.6967560130896248E-02   8   7   5   2
  0.2295321097632668E-01   8   7   5   3
 -0.2578288974513085E-15   8   7   5   4
  0.5322100039042428E-15   8   7   5   5
  0.2066718962434275E-16   8   7   6   1
  0.1358519872470291E-15   8   7   6   2
  0.4558740481450913E-15   8   7   6   3
  0.1303356630568592E-01   8   7   6   4
 -0.1228671034845715E-01   8   7   6   5
 -0.4602739636046097E-15   8   7   6   6
 -0.1282194195569133E-19   8   7   7   1
  0.2325644526262282E-17   8   7   7   2
  0.2260202221762318E-17   8   7   7   3
  0.2487519129560056E-01   8   7   7   4
 -0.2344978060058457E-01   8   7   7   5
 -0.4688721253113008E-15   8   7   7   6
 -0.2236762860798197E-16   8   7   7   7
  0.1546680037941983E-02   8   7   8   1
 -0.1280490894071973E-01   8   7   8   2
 -0.1530241090258107E-01   8   7   8   3
 -0.4876606805409525E-16   8   7   8   4
 -0.3702417702861082E-15   8   7   8   5
  0.1772447672146947E-01   8   7   8   6
  0.5142530553300129E-01   8   7   8   7
  0.7334270100390236E+00   8   8   1   1
 -0.9417108255309206E-04   8   8   2   1
  0.6906455896083058E+00   8   8   2   2
 -0.5357047974652418E-02   8   8   3   1
 -0.4150713441303869E-02   8   8   3   2
  0.5885187341462671E+00   8   8   3   3
  0.8868697027133006E-17   8   8   4   1
 -0.3992232932301517E-17   8   8   4   2
  0.1289883600729354E-16   8   8   4   3
  0.5508911175840938E+00   8   8   4   4
  0.1248472958769987E-15   8   8   5   1
 -0.6454078668172268E-16   8   8   5   2
  0.3251158173702034E-15   8   8   5   3
 -0.2227026399702932E-01   8   8   5   4
  0.5482612627558552E+00   8   8   5   5
 -0.5918566220347143E-02   8   8   6   1
  0.3051156591158968E-02   8   8   6   2
 -0.1666373722477048E-01   8   8   6   3
 -0.4537644564901019E-15   8   8   6   4
  0.1909955534630506E-15   8   8   6   5
  0.5379854933642982E+00   8   8   6   6
  0.2733159247917880E-04   8   8   7   1
  0.7000042404004710E-02   8   8   7   2
  0.2464864726539447E-01   8   8   7   3
  0.1116908379604472E-16   8   8   7   4
  0.2495941752498784E-15   8   8   7   5
 -0.1151638105373093E-01   8   8   7   6
  0.5065488510453328E+00   8   8   7   7
 -0.1905860690639895E-17   8   8   8   1
  0.1194896376106836E-17   8   8   8   2
  0.2754898640186787E-17   8   8   8   3
 -0.1371027131912203E-01   8   8   8   4
  0.1292463847147231E-01   8   8   8   5
  0.2492165812869756E-15   8   8   8   6
 -0.6460556021693060E-18   8   8   8   7
  0.5881820609892185E+00   8   8   8   8
  0.6290881888060828E-16   9   1   1   1
  0.5883976457117519E-19   9   1   2   1
  0.2995776805237526E-17   9   1   2   2
 -0.8507003599327563E-17   9   1   3   1
  0.3060740080544398E-18   9   1   3   2
  0.9890691310960789E-18   9   1   3   3
 -0.8314970420671270E-02   9   1   4   1
 -0.3513540069320504E-03   9   1   4   2
 -0.1100354378871637E-01   9   1   4   3
  0.2060551919765872E-16   9   1   4   4
 -0.8820401493492088E-02   9   1   5   1
 -0.3727112966972736E-03   9   1   5   2
 -0.1167240160306715E-01   9   1   5   3
  0.1362617761788825E-15   9   1   5   4
  0.2715854712268523E-15   9   1   5   5
 -0.2014954307352293E-15   9   1   6   1
 -0.8359896602898632E-17   9   1   6   2
 -0.2612283096014653E-15   9   1   6   3
 -0.5874257045526647E-02   9   1   6   4
 -0.6231327713290507E-02   9   1   6   5
 -0.2734310003247975E-15   9   1   6   6
 -0.4825818364677882E-17   9   1   7   1
  0.9265723223517250E-19   9   1   7   2
 -0.4546529941980398E-17   9   1   7   3
 -0.4682013532587011E-03   9   1   7   4
 -0.4966612876062018E-03   9   1   7   5
 -0.1415358995630051E-16   9   1   7   6
  0.1046469856525672E-17   9   1   7   7
  0.3754949473786282E-16   9   1   8   1
 -0.2433440302743073E-19   9   1   8   2
  0.3886892334643461E-16   9   1   8   3
 -0.1661945692554028E-18   9   1   8   4
  0.5448273889120586E-18   9   1   8   5
  0.3038416750497574E-16   9   1   8   6
  0.3522434927311656E-17   9   1   8   7
  0.2133713567426596E-17   9   1   8   8
  0.1503986458422435E-01   9   1   9   1
  0.4466286753096163E-17   9   2   1   1
 -0.8536773004611163E-19   9   2   2   1
 -0.4125691966344034E-16   9   2   2   2
  0.1848791540752766E-19   9   2   3   1
  0.6466608643854002E-17   9   2   3   2
  0.5208574714852361E-17   9   2   3   3
  0.2978603649128567E-03   9   2   4   1
  0.7882393097086784E-02   9   2   4   2
  0.8770161073459043E-02   9   2   4   3
  0.1452725527961973E-16   9   2   4   4
  0.3159660076478512E-03   9   2   5   1
  0.8361529666178050E-02   9   2   5   2
  0.9303261216443310E-02   9   2   5   3
  0.9233873305503649E-16   9   2   5   4
  0.1802167528108864E-15   9   2   5   5
  0.6954716677236149E-17   9   2   6   1
  0.1868747243031554E-15   9   2   6   2
  0.2094568571446459E-15   9   2   6   3
 -0.3984293375501623E-02   9   2   6   4
 -0.4226481329677170E-02   9   2   6   5
 -0.1900308212670502E-15   9   2   6   6
  0.2128473779282762E-18   9   2   7   1
  0.1802007106935275E-17   9   2   7   2
  0.5011512622991563E-17   9   2   7   3
 -0.5853144219400195E-02   9   2   7   4
 -0.6208931529819441E-02   9   2   7   5
 -0.1453395955241381E-15   9   2   7   6
 -0.1046002228218749E-16   9   2   7   7
  0.2651931359537114E-18   9   2   8   1
 -0.3561362958321903E-16   9   2   8   2
 -0.2692263288672979E-16   9   2   8   3
 -0.1158833115735529E-17   9   2   8   4
  0.2601944583437779E-17   9   2   8   5
  0.1937010229975536E-16   9   2   8   6
  0.2920130060034670E-16   9   2   8   7
 -0.4223081707422978E-18   9   2   8   8
 -0.4333521063931906E-03   9   2   9   1
  0.1482962924956677E-01   9   2   9   2
 -0.6254804073692792E-16   9   3   1   1
  0.2691830220678132E-18   9   3   2   1
  0.7398502294916906E-16   9   3   2   2
  0.1718113722912407E-17   9   3   3   1
 -0.6643668389513807E-18   9   3   3   2
 -0.6821565921336256E-18   9   3   3   3
 -0.6649904932134602E-02   9   3   4   1
  0.3663815869257239E-02   9   3   4   2
 -0.1424952162823731E-01   9   3   4   3
  0.7007645785341653E-16   9   3   4   4
 -0.7054123878680627E-02   9   3   5   1
  0.3886523382541116E-02   9   3   5   2
 -0.1511568839003805E-01   9   3   5   3
  0.4894686768687632E-15   9   3   5   4
  0.9658911805804829E-15   9   3   5   5
 -0.1572246209625534E-15   9   3   6   1
  0.8982198856633819E-16   9   3   6   2
 -0.3591539066793659E-15   9   3   6   3
 -0.2111801646675429E-01   9   3   6   4
 -0.2240168930966714E-01   9   3   6   5
 -0.1031225698652437E-14   9   3   6   6
 -0.2112032466551132E-17   9   3   7   1
  0.3672579571564084E-17   9   3   7   2
 -0.1340153158802363E-16   9   3   7   3
 -0.1030426055295486E-01   9   3   7   4
 -0.1093061196521696E-01   9   3   7   5
 -0.2444920737221530E-15   9   3   7   6
  0.2425249130896163E-16   9   3   7   7
  0.4080334023467290E-16   9   3   8   1
 -0.2922054857298542E-16   9   3   8   2
  0.6435929717709217E-16   9   3   8   3
  0.2641618370516637E-16   9   3   8   4
 -0.2512722575388492E-16   9   3   8   5
  0.1426507379225177E-15   9   3   8   6
  0.7792132564890924E-16   9   3   8   7
  0.1507105926916898E-17   9   3   8   8
  0.1146056037774400E-01   9   3   9   1
  0.6970924924749610E-02   9   3   9   2
  0.4038528166913043E-01   9   3   9   3
 -0.1885874717131934E+00   9   4   1   1
  0.3676918847342797E-03   9   4   2   1
  0.1399309107318872E+00   9   4   2   2
  0.5082327248779007E-02   9   4   3   1
 -0.5897215964950169E-02   9   4   3   2
 -0.3436809274648915E-01   9   4   3   3
  0.9756005516747701E-17   9   4   4   1
  0.5443067297343591E-17   9   4   4   2
  0.1370784634419610E-15   9   4   4   3
 -0.2042567904389040E-01   9   4   4   4
  0.3126759845954970E-16   9   4   5   1
 -0.4780128989549782E-16   9   4   5   2
  0.1035310919468882E-14   9   4   5   3
 -0.1375650224977869E-02   9   4   5   4
 -0.1783203498759205E-01   9   4   5   5
 -0.1028272115182555E-02   9   4   6   1
  0.2905347071417669E-02   9   4   6   2
 -0.4498911748469413E-01   9   4   6   3
  0.1021513504826824E-15   9   4   6   4
  0.1778269171784582E-14   9   4   6   5
 -0.1008243659193271E+00   9   4   6   6
  0.1908677266112425E-02   9   4   7   1
 -0.2619193441493013E-02   9   4   7   2
 -0.2148424467969075E-01   9   4   7   3
 -0.9251068452187669E-16   9   4   7   4
 -0.9405438437898793E-15   9   4   7   5
  0.4215458543453129E-01   9   4   7   6
  0.8282914977016792E-01   9   4   7   7
  0.2083104203264983E-17   9   4   8   1
  0.1565140317147432E-17   9   4   8   2
 -0.1122603997017148E-17   9   4   8   3
  0.7273635020840796E-01   9   4   8   4
 -0.5115708089196571E-01   9   4   8   5
 -0.9746448452411864E-15   9   4   8   6
 -0.9395581796472385E-17   9   4   8   7
 -0.1197887022721983E-01   9   4   8   8
 -0.1870310419701346E-16   9   4   9   1
  0.1322639914338059E-16   9   4   9   2
  0.7519283501653308E-17   9   4   9   3
  0.8597966982999590E-01   9   4   9   4
 -0.2000508880966839E+00   9   5   1   1
  0.3900422833967628E-03   9   5   2   1
  0.1484367053112862E+00   9   5   2   2
  0.5391259930895460E-02   9   5   3   1
 -0.6255682206082015E-02   9   5   3   2
 -0.3645718039308834E-01   9   5   3   3
  0.1590559904395768E-15   9   5   4   1
  0.9394655323491938E-16   9   5   4   2
  0.9394702671401303E-15   9   5   4   3
 -0.1891596723531886E-01   9   5   4   4
  0.1879289829937085E-15   9   5   5   1
  0.4534676298828664E-16   9   5   5   2
  0.1939059359124903E-14   9   5   5   3
 -0.1296822025030581E-02   9   5   5   4
 -0.2166726769020461E-01   9   5   5   5
 -0.1090776327709448E-02   9   5   6   1
  0.3081950548391289E-02   9   5   6   2
 -0.4772381126773163E-01   9   5   6   3
  0.5103002393013684E-15   9   5   6   4
  0.2237863004185072E-14   9   5   6   5
 -0.1069530428544122E+00   9   5   6   6
  0.2024697498232754E-02   9   5   7   1
 -0.2778402877496280E-02   9   5   7   2
 -0.2279017895099078E-01   9   5   7   3
 -0.3262262896860688E-15   9   5   7   4
 -0.1244540475621408E-14   9   5   7   5
  0.4471698027931909E-01   9   5   7   6
  0.8786397538122413E-01   9   5   7   7
 -0.3031308542330345E-18   9   5   8   1
 -0.3893053419612269E-19   9   5   8   2
 -0.1510510733424816E-16   9   5   8   3
  0.5974638373114927E-01   9   5   8   4
 -0.7273635020840791E-01   9   5   8   5
 -0.1454514104707305E-14   9   5   8   6
 -0.1428483175715526E-16   9   5   8   7
 -0.1270701391535783E-01   9   5   8   8
 -0.2794653699988887E-15   9   5   9   1
  0.1649201970816518E-15   9   5   9   2
 -0.3754930600681422E-15   9   5   9   3
  0.7273635020867245E-01   9   5   9   4
  0.9456897266922559E-01   9   5   9   5
 -0.4506584946539023E-14   9   6   1   1
  0.8979870016357119E-17   9   6   2   1
  0.3362920628263351E-14   9   6   2   2
  0.1211457083443079E-15   9   6   3   1
 -0.1415966135395353E-15   9   6   3   2
 -0.8294098534459474E-15   9   6   3   3
 -0.7437249889364589E-02   9   6   4   1
 -0.4550573205114012E-02   9   6   4   2
 -0.4019680070326771E-01   9   6   4   3
 -0.3702805736352863E-15   9   6   4   4
 -0.7889328129002466E-02   9   6   5   1
 -0.4827182859826969E-02   9   6   5   2
 -0.4264019028561776E-01   9   6   5   3
  0.4222289099722798E-15   9   6   5   4
  0.4160992826069695E-15   9   6   5   5
 -0.2012569677802957E-15   9   6   6   1
 -0.3950977707808585E-16   9   6   6   2
 -0.2036356099689842E-14   9   6   6   3
 -0.1973126930985737E-01   9   6   6   4
 -0.2093064779358657E-01   9   6   6   5
 -0.3344100361425389E-14   9   6   6   6
  0.4262769239067923E-16   9   6   7   1
 -0.6619113221491946E-16   9   6   7   2
 -0.5328135468006376E-15   9   6   7   3
  0.1164254931905084E-01   9   6   7   4
  0.1235024951460027E-01   9   6   7   5
  0.1284699988602105E-14   9   6   7   6
  0.2007572006459882E-14   9   6   7   7
  0.2970673524329434E-16   9   6   8   1
  0.1914615574977554E-16   9   6   8   2
  0.1341835839985315E-15   9   6   8   3
  0.1376278003415099E-14   9   6   8   4
 -0.1620218739539399E-14   9   6   8   5
  0.8936114900636853E-16   9   6   8   6
 -0.5416861628721455E-16   9   6   8   7
 -0.2837094487743040E-15   9   6   8   8
  0.1311098080060281E-01   9   6   9   1
 -0.7691618676038610E-02   9   6   9   2
  0.1938713221568830E-01   9   6   9   3
  0.1580758895561765E-14   9   6   9   4
  0.8155012766065215E-15   9   6   9   5
  0.6096935354645204E-01   9   6   9   6
 -0.8470607604346900E-16   9   7   1   1
  0.2297995717810997E-18   9   7   2   1
  0.6837152199692802E-16   9   7   2   2
  0.2136035375065167E-17   9   7   3   1
 -0.3237591363659373E-17   9   7   3   2
 -0.2324049593467636E-16   9   7   3   3
 -0.1033043352872440E-02   9   7   4   1
 -0.6967560130896265E-02   9   7   4   2
 -0.2295321097632669E-01   9   7   4   3
 -0.5063299360361019E-16   9   7   4   4
 -0.1095837588293254E-02   9   7   5   1
 -0.7391087962474282E-02   9   7   5   2
 -0.2434843735255118E-01   9   7   5   3
 -0.2871480854432762E-15   9   7   5   4
 -0.5662907885067321E-15   9   7   5   5
 -0.2432308091587899E-16   9   7   6   1
 -0.1670523806882660E-15   9   7   6   2
 -0.5658303082132466E-15   9   7   6   3
  0.1228671034845718E-01   9   7   6   4
  0.1303356630568591E-01   9   7   6   5
  0.5505660552888133E-15   9   7   6   6
  0.2601255291377598E-19   9   7   7   1
 -0.4712598063426895E-17   9   7   7   2
 -0.1646480905497653E-16   9   7   7   3
  0.2344978060058463E-01   9   7   7   4
  0.2487519129560052E-01   9   7   7   5
  0.5903491271688121E-15   9   7   7   6
  0.6232160257246924E-16   9   7   7   7
  0.3257328761927735E-17   9   7   8   1
  0.2868540516192656E-16   9   7   8   2
  0.7220556714715826E-16   9   7   8   3
  0.2576186283570114E-16   9   7   8   4
 -0.2979035766340418E-16   9   7   8   5
 -0.5393950874825655E-16   9   7   8   6
 -0.1058559303261050E-15   9   7   8   7
 -0.4554645405999345E-17   9   7   8   8
  0.1546680037941986E-02   9   7   9   1
 -0.1280490894071971E-01   9   7   9   2
 -0.1530241090258101E-01   9   7   9   3
 -0.4690878633316444E-17   9   7   9   4
 -0.3538754892465516E-15   9   7   9   5
  0.1772447672146943E-01   9   7   9   6
  0.5142530553300120E-01   9   7   9   7
  0.8520034233829670E-15   9   8   1   1
 -0.1660607846687208E-17   9   8   2   1
 -0.6313278109311454E-15   9   8   2   2
 -0.2300478301653045E-16   9   8   3   1
  0.2661839128006202E-16   9   8   3   2
  0.1554525186160258E-15   9   8   3   3
  0.2146017754297643E-17   9   8   4   1
  0.1541889093210807E-17   9   8   4   2
  0.1311100823227554E-16   9   8   4   3
  0.2227026399469549E-01   9   8   4   4
 -0.1097646573397121E-17   9   8   5   1
 -0.8850892526283923E-19   9   8   5   2
 -0.1009927680988726E-16   9   8   5   3
  0.1314927413915314E-02   9   8   5   4
 -0.2227026399469532E-01   9   8   5   5
  0.4557981751500904E-17   9   8   6   1
 -0.1305902409358768E-16   9   8   6   2
  0.2032926693158685E-15   9   8   6   3
  0.6209679032610484E-16   9   8   6   4
 -0.4712175207566675E-15   9   8   6   5
  0.4559375809350037E-15   9   8   6   6
 -0.8612875109776444E-17   9   8   7   1
  0.1178200537115127E-16   9   8   7   2
  0.9730051643683885E-16   9   8   7   3
  0.1317912184873682E-17   9   8   7   4
 -0.6436777628268912E-17   9   8   7   5
 -0.1906037729201717E-15   9   8   7   6
 -0.3737132737702316E-15   9   8   7   7
 -0.2858452449308728E-17   9   8   8   1
  0.1684246384661008E-17   9   8   8   2
 -0.4430424996714122E-17   9   8   8   3
 -0.4728841172279138E-03   9   8   8   4
 -0.5016286963827601E-03   9   8   8   5
 -0.1896252035534187E-16   9   8   8   6
 -0.4160815247716296E-17   9   8   8   7
  0.1790803833348620E-13   9   8   8   8
 -0.7528726941400386E-18   9   8   9   1
  0.8187210858275987E-18   9   8   9   2
 -0.1226350091888276E-17   9   8   9   3
 -0.5016286963834089E-03   9   8   9   4
  0.4728841172272893E-03   9   8   9   5
  0.6763308727584006E-17   9   8   9   6
 -0.1858417812979641E-17   9   8   9   7
  0.2446053916431367E-01   9   8   9   8
  0.7334270100390240E+00   9   9   1   1
 -0.9417108255309250E-04   9   9   2   1
  0.6906455896083051E+00   9   9   2   2
 -0.5357047974652435E-02   9   9   3   1
 -0.4150713441303813E-02   9   9   3   2
  0.5885187341462670E+00   9   9   3   3
  0.1106399017402412E-16   9   9   4   1
 -0.3815215081862591E-17   9   9   4   2
  0.3309738962782086E-16   9   9   4   3
  0.5482612627558554E+00   9   9   4   4
  0.1291393313856114E-15   9   9   5   1
 -0.6145700849529492E-16   9   9   5   2
  0.3513378338353973E-15   9   9   5   3
  0.2227026399702929E-01   9   9   5   4
  0.5508911175840937E+00   9   9   5   5
 -0.5918566220347130E-02   9   9   6   1
  0.3051156591158906E-02   9   9   6   2
 -0.1666373722477038E-01   9   9   6   3
  0.4886705851198789E-15   9   9   6   4
  0.3151891341266305E-15   9   9   6   5
  0.5379854933642984E+00   9   9   6   6
  0.2733159247916492E-04   9   9   7   1
  0.7000042404004675E-02   9   9   7   2
  0.2464864726539451E-01   9   9   7   3
  0.2404263905421054E-16   9   9   7   4
  0.2522299996209407E-15   9   9   7   5
 -0.1151638105373103E-01   9   9   7   6
  0.5065488510453323E+00   9   9   7   7
 -0.4001153023812829E-18   9   9   8   1
 -0.4425457953696680E-18   9   9   8   2
  0.5207598822214785E-17   9   9   8   3
 -0.1270701391535811E-01   9   9   8   4
  0.1197887022721976E-01   9   9   8   5
  0.2356899636391379E-15   9   9   8   6
  0.3070780022590209E-17   9   9   8   7
  0.5392609826580583E+00   9   9   8   8
 -0.3583191331232797E-17   9   9   9   1
  0.2946184598761895E-17   9   9   9   2
 -0.7353744069145336E-17   9   9   9   3
 -0.1292463847147254E-01   9   9   9   4
 -0.1371027131912229E-01   9   9   9   5
 -0.3216344897291723E-15   9   9   9   6
 -0.1287627590741899E-16   9   9   9   7
 -0.1779034818766290E-13   9   9   9   8
  0.5881820609892181E+00   9   9   9   9
  0.2235575180796572E+00  10   1   1   1
 -0.5036304061902315E-03  10   1   2   1
 -0.1492498071113363E-01  10   1   2   2
 -0.3614381693654320E-01  10   1   3   1
 -0.4179991497729983E-03  10   1   3   2
 -0.1359547654985397E-01  10   1   3   3
  0.1471688660234434E-16  10   1   4   1
 -0.1311368713929113E-18  10   1   4   2
 -0.1953892177909999E-16  10   1   4   3
 -0.4220270807322367E-02  10   1   4   4
  0.1068352357111398E-15  10   1   5   1
 -0.1861241557144281E-17  10   1   5   2
 -0.3114030148070367E-15  10   1   5   3
 -0.8104411239328648E-17  10   1   5   4
 -0.4220270807322322E-02  10   1   5   5
 -0.4427458580509129E-02  10   1   6   1
  0.9307956141487589E-04  10   1   6   2
  0.1489644709963401E-01  10   1   6   3
 -0.4183486966513906E-16  10   1   6   4
 -0.6739905221558145E-15  10   1   6   5
  0.2763024531583235E-01  10   1   6   6
 -0.1101578017811532E-01  10   1   7   1
 -0.9230437116654690E-03  10   1   7   2
 -0.5913183991043442E-02  10   1   7   3
  0.7255723959088405E-17  10   1   7   4
  0.1116338694657059E-15  10   1   7   5
 -0.5189833378336719E-02  10   1   7   6
 -0.6856064372993182E-02  10   1   7   7
 -0.5289057396668881E-18  10   1   8   1
 -0.1381713430562776E-18  10   1   8   2
  0.6682097947371185E-19  10   1   8   3
 -0.5415791067754848E-02  10   1   8   4
  0.5105452690123371E-02  10   1   8   5
  0.9972000796973756E-16  10   1   8   6
  0.9703279417012389E-18  10   1   8   7
  0.1248899936627583E-02  10   1   8   8
  0.3747873058091970E-17  10   1   9   1
 -0.5928518695556258E-19  10   1   9   2
 -0.3224897154944545E-17  10   1   9   3
 -0.5105452690123354E-02  10   1   9   4
 -0.5415791067754854E-02  10   1   9   5
 -0.1246304895608040E-15  10   1   9   6
 -0.1700662676451544E-17  10   1   9   7
  0.2305962495605107E-16  10   1   9   8
  0.1248899936627597E-02  10   1   9   9
  0.4153458305789198E-01  10   1  10   1
  0.1360409004085464E-01  10   2   1   1
 -0.1557454200456799E-03  10   2   2   1
 -0.1500764310406378E+00  10   2   2   2
  0.4918699051756734E-03  10   2   3   1
  0.2527268299900692E-01  10   2   3   2
  0.1737066688904186E-01  10   2   3   3
  0.5984025407303801E-18  10   2   4   1
  0.2273059403334992E-16  10   2   4   2
 -0.3519828838465287E-18  10   2   4   3
  0.6673817715170365E-02  10   2   4   4
  0.1512191057893727E-16  10   2   5   1
  0.3054995386915161E-15  10   2   5   2
  0.5863219806335818E-16  10   2   5   3
 -0.7155734338404195E-17  10   2   5   4
  0.6673817715170401E-02  10   2   5   5
 -0.7263013722042529E-03  10   2   6   1
 -0.1482325938540804E-01  10   2   6   2
 -0.3063560886970633E-02  10   2   6   3
  0.5119759432894611E-18  10   2   6   4
 -0.2405657724505602E-17  10   2   6   5
  0.6946831665959903E-02  10   2   6   6
  0.4152680477049188E-03  10   2   7   1
  0.2190669770716608E-02  10   2   7   2
  0.9189059403644980E-02  10   2   7   3
  0.1732450164943729E-16  10   2   7   4
  0.2014387948622783E-15  10   2   7   5
 -0.9093437033419116E-02  10   2   7   6
 -0.2627763465009100E-01  10   2   7   7
  0.1760164016995201E-18  10   2   8   1
  0.1082749151888523E-17  10   2   8   2
  0.1666525746127283E-17  10   2   8   3
 -0.4904357142136499E-02  10   2   8   4
  0.4623325207969386E-02  10   2   8   5
  0.9103419711175208E-16  10   2   8   6
  0.2251448294554845E-17  10   2   8   7
 -0.1373616799804788E-03  10   2   8   8
  0.2242417328141107E-18  10   2   9   1
  0.1603666381192123E-17  10   2   9   2
 -0.1526422772508222E-17  10   2   9   3
 -0.4623325207969407E-02  10   2   9   4
 -0.4904357142136487E-02  10   2   9   5
 -0.1099930089787864E-15  10   2   9   6
  0.1083512166560892E-17  10   2   9   7
  0.2087512698508223E-16  10   2   9   8
 -0.1373616799804644E-03  10   2   9   9
 -0.7285807128652785E-03  10   2  10   1
  0.3350742721742412E-01  10   2  10   2
 -0.2775767176018271E+00  10   3   1   1
  0.4081759015284781E-03  10   3   2   1
  0.1508035741860412E+00  10   3   2   2
  0.5901839923094739E-02  10   3   3   1
 -0.6668699668940516E-02  10   3   3   2
 -0.6360613399819921E-01  10   3   3   3
 -0.1869347755125183E-16  10   3   4   1
 -0.8567479866422230E-17  10   3   4   2
  0.3891822303206205E-16  10   3   4   3
 -0.3280871926486292E-01  10   3   4   4
 -0.2741506049486565E-15  10   3   5   1
 -0.8090673545998947E-16  10   3   5   2
  0.6604509548482135E-15  10   3   5   3
  0.1023486850826307E-15  10   3   5   4
 -0.3280871926486346E-01  10   3   5   5
  0.1286515893602831E-01  10   3   6   1
  0.4003322109157601E-02  10   3   6   2
 -0.3045912885335261E-01  10   3   6   3
  0.6091933435232875E-16  10   3   6   4
  0.8660662160631750E-15  10   3   6   5
 -0.7390956324559014E-01  10   3   6   6
 -0.1916657154114871E-02  10   3   7   1
  0.4716268266617796E-02  10   3   7   2
 -0.2994165734035405E-01  10   3   7   3
 -0.4640279558117016E-16  10   3   7   4
 -0.6637322324031250E-15  10   3   7   5
  0.3051723672620682E-01  10   3   7   6
  0.4154639580414905E-01  10   3   7   7
  0.6450584463366041E-18  10   3   8   1
 -0.1642482236389510E-17  10   3   8   2
 -0.1284254820585403E-16  10   3   8   3
  0.6852065197118017E-01  10   3   8   4
 -0.6459424718544250E-01  10   3   8   5
 -0.1265047116211171E-14  10   3   8   6
 -0.6602815875885956E-17  10   3   8   7
 -0.2704063382887208E-01  10   3   8   8
  0.5002795634081114E-18  10   3   9   1
 -0.3141944797358110E-17  10   3   9   2
  0.3205068282653047E-16  10   3   9   3
  0.6459424718544252E-01  10   3   9   4
  0.6852065197118014E-01  10   3   9   5
  0.1550613632744875E-14  10   3   9   6
  0.3602800122193383E-16  10   3   9   7
 -0.2917045945072250E-15  10   3   9   8
 -0.2704063382887225E-01  10   3   9   9
  0.3382765506449295E-02  10   3  10   1
  0.6965295049063402E-04  10   3  10   2
  0.9708753554930119E-01  10   3  10   3
 -0.4818870213738780E-16  10   4   1   1
  0.2334524724262105E-18  10   4   2   1
  0.1515588982750782E-15  10   4   2   2
  0.3870519945041968E-17  10   4   3   1
 -0.1739114266990075E-17  10   4   3   2
  0.5449900422239200E-16  10   4   3   3
 -0.6576250099850762E-02  10   4   4   1
  0.6190450128176673E-02  10   4   4   2
 -0.1460996667399642E-02  10   4   4   3
  0.9922927741402933E-16  10   4   4   4
  0.9693729649677050E-17  10   4   5   1
  0.8366881832776684E-17  10   4   5   2
  0.6000592073875331E-16  10   4   5   3
  0.3941179085103319E-15  10   4   5   4
  0.4163885494556549E-16  10   4   5   5
 -0.1731470233188033E-16  10   4   6   1
  0.1197126340447172E-16  10   4   6   2
 -0.3714893214331495E-16  10   4   6   3
 -0.1839104544725131E-01  10   4   6   4
 -0.1639367245329634E-17  10   4   6   5
 -0.1279257889267360E-15  10   4   6   6
  0.2916799828666350E-17  10   4   7   1
  0.1168748435566591E-16  10   4   7   2
  0.5342025516010501E-17  10   4   7   3
 -0.1374459685022074E-01  10   4   7   4
 -0.9647861781665762E-17  10   4   7   5
  0.2459016670650044E-17  10   4   7   6
  0.2405625270247690E-16  10   4   7   7
  0.5582437022943351E-02  10   4   8   1
  0.5508970222223971E-02  10   4   8   2
  0.2391931605199025E-01  10   4   8   3
  0.3615793097001549E-16  10   4   8   4
 -0.2679288814482834E-16  10   4   8   5
 -0.2896934441858935E-03  10   4   8   6
 -0.7548474164680250E-02  10   4   8   7
  0.2850971444053231E-16  10   4   8   8
  0.5262549415157844E-02  10   4   9   1
  0.5193292445921959E-02  10   4   9   2
  0.2254867939988122E-01  10   4   9   3
  0.3678103548432588E-16  10   4   9   4
  0.3643522863303494E-16  10   4   9   5
 -0.2730932850670727E-03  10   4   9   6
 -0.7115927709960539E-02  10   4   9   7
 -0.3256568172077827E-17  10   4   9   8
  0.2491054169902596E-16  10   4   9   9
 -0.1051446522307103E-16  10   4  10   1
  0.5240197949120157E-17  10   4  10   2
  0.2771688288916121E-16  10   4  10   3
  0.3592315891707955E-01  10   4  10   4
 -0.1857629308111343E-14  10   5   1   1
  0.4916075201732379E-17  10   5   2   1
  0.2264545102922401E-14  10   5   2   2
  0.9184071663984180E-16  10   5   3   1
 -0.3571407787331639E-16  10   5   3   2
  0.5225302092271567E-15  10   5   3   3
  0.8881488122984795E-17  10   5   4   1
  0.9077316769642986E-17  10   5   4   2
  0.5302433480186576E-16  10   5   4   3
  0.3931927401763993E-15  10   5   4   4
 -0.6576250099850810E-02  10   5   5   1
  0.6190450128176621E-02  10   5   5   2
 -0.1460996667399936E-02  10   5   5   3
  0.2879521122945476E-16  10   5   5   4
  0.1181428557199180E-14  10   5   5   5
 -0.2521025710688535E-15  10   5   6   1
  0.1697551352169693E-15  10   5   6   2
 -0.6830474627744914E-15  10   5   6   3
 -0.2147634300401761E-17  10   5   6   4
 -0.1839104544725130E-01  10   5   6   5
 -0.2404842527520737E-14  10   5   6   6
  0.5997338096665516E-16  10   5   7   1
  0.1244219528880904E-15  10   5   7   2
 -0.2664815323312242E-16  10   5   7   3
 -0.1244586069116830E-16  10   5   7   4
 -0.1374459685022067E-01  10   5   7   5
  0.2513100280971148E-15  10   5   7   6
  0.5635322764793311E-15  10   5   7   7
 -0.5262549415157853E-02  10   5   8   1
 -0.5193292445921949E-02  10   5   8   2
 -0.2254867939988123E-01  10   5   8   3
  0.6478561721076615E-15  10   5   8   4
 -0.6143914282676615E-15  10   5   8   5
  0.2730932850670436E-03  10   5   8   6
  0.7115927709960503E-02  10   5   8   7
  0.2345015394040445E-15  10   5   8   8
  0.5582437022943356E-02  10   5   9   1
  0.5508970222223964E-02  10   5   9   2
  0.2391931605199025E-01  10   5   9   3
  0.6141141306032799E-15  10   5   9   4
  0.6578443194463517E-15  10   5   9   5
 -0.2896934441858814E-03  10   5   9   6
 -0.7548474164680215E-02  10   5   9   7
  0.1799586370594873E-17  10   5   9   8
  0.2279884030590806E-15  10   5   9   9
 -0.1801342634870550E-15  10   5  10   1
  0.6983557553350063E-16  10   5  10   2
  0.6175213296696315E-15  10   5  10   3
 -0.8776354382213894E-17  10   5  10   4
  0.3592315891707951E-01  10   5  10   5
  0.9392386211713541E-01  10   6   1   1
 -0.2379039615035392E-03  10   6   2   1
 -0.1101699953636214E+00  10   6   2   2
 -0.4545873344722004E-02  10   6   3   1
  0.1966276709268683E-02  10   6   3   2
 -0.2304360002210893E-01  10   6   3   3
 -0.1220582838829004E-16  10   6   4   1
  0.1395989025243773E-16  10   6   4   2
 -0.3354504361533281E-16  10   6   4   3
 -0.1765575374857427E-01  10   6   4   4
 -0.2446869346985178E-15  10   6   5   1
  0.1717259600271001E-15  10   6   5   2
 -0.6878401338406393E-15  10   6   5   3
 -0.4878909776184597E-16  10   6   5   4
 -0.1765575374857400E-01  10   6   5   5
  0.5170197687548209E-02  10   6   6   1
 -0.1900782192419409E-02  10   6   6   2
  0.3134565966592193E-01  10   6   6   3
 -0.1530104108984554E-15  10   6   6   4
 -0.2431684173321030E-14  10   6   6   5
  0.7913721695955893E-01  10   6   6   6
 -0.2919406228038887E-02  10   6   7   1
 -0.5667286975843532E-02  10   6   7   2
  0.1758489859501229E-02  10   6   7   3
  0.1473343105086089E-16  10   6   7   4
  0.2793386621089668E-15  10   6   7   5
 -0.2690596326394835E-01  10   6   7   6
 -0.2901486323589945E-01  10   6   7   7
 -0.1049073677886798E-15  10   6   8   1
 -0.1015288940692574E-15  10   6   8   2
 -0.4403321896565715E-15  10   6   8   3
 -0.3211234501399360E-01  10   6   8   4
  0.3027222730470452E-01  10   6   8   5
  0.5955365875203640E-15  10   6   8   6
  0.1431270429496253E-15  10   6   8   7
 -0.1034234296542298E-01  10   6   8   8
  0.1229197413263589E-15  10   6   9   1
  0.1270545530453498E-15  10   6   9   2
  0.5226172682274490E-15  10   6   9   3
 -0.3027222730470450E-01  10   6   9   4
 -0.3211234501399361E-01  10   6   9   5
 -0.7449357335796707E-15  10   6   9   6
 -0.1884705074144057E-15  10   6   9   7
  0.1367178939504221E-15  10   6   9   8
 -0.1034234296542288E-01  10   6   9   9
  0.8523620614705237E-02  10   6  10   1
 -0.3121462544569320E-02  10   6  10   2
 -0.3054488011218470E-01  10   6  10   3
 -0.4638793094422132E-17  10   6  10   4
 -0.2030954902831032E-15  10   6  10   5
  0.4617676866129644E-01  10   6  10   6
 -0.1453646952276428E+00  10   7   1   1
  0.2812897999131144E-03  10   7   2   1
  0.1098641037970089E+00  10   7   2   2
  0.2998691317563328E-02  10   7   3   1
 -0.7892712083860061E-02  10   7   3   2
 -0.4596381263124240E-01  10   7   3   3
 -0.6320449984479811E-17  10   7   4   1
 -0.2758249811150178E-17  10   7   4   2
  0.3024543926612603E-16  10   7   4   3
 -0.2440677264587031E-01  10   7   4   4
 -0.7808836788538897E-16  10   7   5   1
 -0.6430798104264595E-16  10   7   5   2
  0.3330007793714924E-15  10   7   5   3
  0.5724587470723376E-16  10   7   5   4
 -0.2440677264587061E-01  10   7   5   5
  0.3553024042097648E-02  10   7   6   1
  0.3451713620947315E-02  10   7   6   2
 -0.1511893462764729E-01  10   7   6   3
  0.4803682783496818E-16  10   7   6   4
  0.8156332404677504E-15  10   7   6   5
 -0.6358788568177905E-01  10   7   6   6
 -0.2092250540883913E-03  10   7   7   1
 -0.7845222699170679E-02  10   7   7   2
 -0.1732866166648570E-01  10   7   7   3
 -0.6628390630831071E-16  10   7   7   4
 -0.7513702306579141E-15  10   7   7   5
  0.3357365231455614E-01  10   7   7   6
  0.9891671395486769E-01  10   7   7   7
 -0.3385089368311276E-18  10   7   8   1
  0.1081894281518825E-18  10   7   8   2
 -0.8293434171614551E-17  10   7   8   3
  0.3912185412850701E-01  10   7   8   4
 -0.3688007401027769E-01  10   7   8   5
 -0.7246544322903098E-15  10   7   8   6
 -0.9344728336725684E-17  10   7   8   7
 -0.1170861083316043E-01  10   7   8   8
  0.2049071455458141E-17  10   7   9   1
  0.2867766200441841E-17  10   7   9   2
  0.2823982144935379E-16  10   7   9   3
  0.3688007401027774E-01  10   7   9   4
  0.3912185412850699E-01  10   7   9   5
  0.8821446589465052E-15  10   7   9   6
  0.5152775370870414E-17  10   7   9   7
 -0.1665605587480856E-15  10   7   9   8
 -0.1170861083316053E-01  10   7   9   9
 -0.7406643820360506E-03  10   7  10   1
 -0.1289804891214266E-01  10   7  10   2
  0.3783423547866659E-01  10   7  10   3
  0.1588094333737776E-16  10   7  10   4
  0.2794404808263395E-15  10   7  10   5
 -0.1399642160695072E-01  10   7  10   6
  0.6199009702239829E-01  10   7  10   7
  0.6119463822373404E-17  10   8   1   1
  0.1418783540993471E-18  10   8   2   1
 -0.1618782613051107E-17  10   8   2   2
 -0.8681805845550287E-18  10   8   3   1
 -0.2800594589967563E-18  10   8   3   2
 -0.1202356970763431E-16  10   8   3   3
  0.6736114930303440E-02  10   8   4   1
  0.6407164751777336E-02  10   8   4   2
  0.4856161775509796E-01  10   8   4   3
  0.8668997317420288E-17  10   8   4   4
 -0.6350118692107308E-02  10   8   5   1
 -0.6040018181791842E-02  10   8   5   2
 -0.4577891556427560E-01  10   8   5   3
  0.3299104405759585E-16  10   8   5   4
 -0.6423675836088679E-16  10   8   5   5
 -0.1261841527212404E-15  10   8   6   1
 -0.1183888745379580E-15  10   8   6   2
 -0.9005272949922666E-15  10   8   6   3
 -0.2093791878836112E-02  10   8   6   4
  0.1973812365844029E-02  10   8   6   5
  0.7603816930513590E-16  10   8   6   6
 -0.8556349730966972E-18  10   8   7   1
  0.2697351916095059E-19  10   8   7   2
 -0.3037064606745938E-17  10   8   7   3
 -0.4381206036468868E-02  10   8   7   4
  0.4130151969497491E-02  10   8   7   5
  0.7828417392649392E-16  10   8   7   6
 -0.4208986689513091E-17  10   8   7   7
 -0.1045206201289083E-01  10   8   8   1
  0.9554164188900609E-02  10   8   8   2
 -0.8084395252694953E-02  10   8   8   3
  0.4795382936762440E-16  10   8   8   4
  0.6580483162717799E-15  10   8   8   5
 -0.3052682826066128E-01  10   8   8   6
 -0.2136106729804194E-01  10   8   8   7
  0.6637123645618770E-17  10   8   8   8
 -0.2648752831767630E-16  10   8   9   1
 -0.2558994642982149E-16  10   8   9   2
 -0.1595882041936726E-15  10   8   9   3
 -0.3946108131860602E-17  10   8   9   4
 -0.1697357327138256E-17  10   8   9   5
  0.5595523342115786E-17  10   8   9   6
  0.2488451175830199E-16  10   8   9   7
  0.6638883780761160E-17  10   8   9   8
  0.1816195732461524E-17  10   8   9   9
 -0.7277591836796243E-18  10   8  10   1
 -0.2090203047177104E-19  10   8  10   2
 -0.9837227027147771E-17  10   8  10   3
  0.1520113678952904E-02  10   8  10   4
 -0.1433007362065870E-02  10   8  10   5
 -0.2483201924666849E-16  10   8  10   6
 -0.1729782854860302E-17  10   8  10   7
  0.4986547586672057E-01  10   8  10   8
  0.2475107534416172E-16  10   9   1   1
 -0.1735318293630398E-18  10   9   2   1
 -0.8731554584112578E-17  10   9   2   2
  0.1529121865795140E-17  10   9   3   1
  0.1540124082680842E-17  10   9   3   2
  0.3638451048787515E-16  10   9   3   3
  0.6350118692107300E-02  10   9   4   1
  0.6040018181791854E-02  10   9   4   2
  0.4577891556427561E-01  10   9   4   3
  0.1343702773175692E-16  10   9   4   4
  0.6736114930303443E-02  10   9   5   1
  0.6407164751777332E-02  10   9   5   2
  0.4856161775509796E-01  10   9   5   3
  0.3645287783846950E-16  10   9   5   4
  0.7941911584611207E-16  10   9   5   5
  0.1473779348332881E-15  10   9   6   1
  0.1449446339091342E-15  10   9   6   2
  0.1086074036159546E-14  10   9   6   3
 -0.1973812365844060E-02  10   9   6   4
 -0.2093791878836099E-02  10   9   6   5
 -0.1000322875583862E-15  10   9   6   6
  0.4023174649068837E-17  10   9   7   1
  0.5446250735648971E-17  10   9   7   2
  0.3084641542051320E-16  10   9   7   3
 -0.4130151969497509E-02  10   9   7   4
 -0.4381206036468851E-02  10   9   7   5
 -0.1076451128544534E-15  10   9   7   6
 -0.1775982488156776E-16  10   9   7   7
 -0.2597954892674282E-16  10   9   8   1
 -0.2522815491306517E-16  10   9   8   2
 -0.1488621735761227E-15  10   9   8   3
 -0.7739800648527064E-17  10   9   8   4
  0.8389842619435809E-17  10   9   8   5
  0.4695837158302685E-17  10   9   8   6
  0.2590727252597020E-16  10   9   8   7
  0.5134159588486336E-17  10   9   8   8
 -0.1045206201289084E-01  10   9   9   1
  0.9554164188900593E-02  10   9   9   2
 -0.8084395252695057E-02  10   9   9   3
  0.4126134407524538E-16  10   9   9   4
  0.6463624074913811E-15  10   9   9   5
 -0.3052682826066129E-01  10   9   9   6
 -0.2136106729804192E-01  10   9   9   7
  0.2410463955918480E-17  10   9   9   8
  0.1841192715260978E-16  10   9   9   9
 -0.2240820121362245E-17  10   9  10   1
  0.1371766789256361E-18  10   9  10   2
 -0.2064224724398326E-16  10   9  10   3
  0.1433007362065926E-02  10   9  10   4
  0.1520113678952904E-02  10   9  10   5
  0.4276357209242207E-16  10   9  10   6
 -0.3954462907815116E-17  10   9  10   7
 -0.5834302582019103E-17  10   9  10   8
  0.4986547586672062E-01  10   9  10   9
  0.8963962854554725E+00  10  10   1   1
 -0.3538122288782941E-04  10  10   2   1
  0.8416518875502665E+00  10  10   2   2
 -0.5813977715931083E-02  10  10   3   1
 -0.4000371093453303E-02  10  10   3   2
  0.7005410437469778E+00  10  10   3   3
  0.2930978014714839E-16  10  10   4   1
 -0.1156800740429984E-16  10  10   4   2
  0.5070929922096672E-16  10  10   4   3
  0.6001450337350234E+00  10  10   4   4
  0.4807478375468285E-15  10  10   5   1
 -0.9842032048533590E-16  10  10   5   2
  0.1147345649762959E-14  10  10   5   3
  0.1387778780782307E-16  10  10   5   4
  0.6001450337350234E+00  10  10   5   5
 -0.2281581936487119E-01  10  10   6   1
  0.4544444339187825E-02  10  10   6   2
 -0.5653915178447937E-01  10  10   6   3
  0.6104688824884618E-16  10  10   6   4
  0.9011107437324189E-15  10  10   6   5
  0.5583671437514051E+00  10  10   6   6
  0.4843966335434064E-02  10  10   7   1
  0.1982942396895499E-01  10  10   7   2
  0.5923061688809633E-01  10  10   7   3
  0.3925112202584323E-16  10  10   7   4
  0.4462380194146109E-15  10  10   7   5
 -0.2078676647669758E-01  10  10   7   6
  0.5465281331805507E+00  10  10   7   7
 -0.6136767616154316E-18  10  10   8   1
 -0.1772506762583441E-17  10  10   8   2
  0.4532019101456299E-17  10  10   8   3
 -0.1120104658106368E-01  10  10   8   4
  0.1055919858872909E-01  10  10   8   5
  0.2101372065372888E-15  10  10   8   6
  0.6637384721311693E-17  10  10   8   7
  0.5985810011321299E+00  10  10   8   8
  0.3737244090418573E-17  10  10   9   1
 -0.3364624818963715E-17  10  10   9   2
  0.5911813112082083E-19  10  10   9   3
 -0.1055919858872921E-01  10  10   9   4
 -0.1120104658106372E-01  10  10   9   5
 -0.2417413025496959E-15  10  10   9   6
  0.2375623487834885E-17  10  10   9   7
  0.4808436634973213E-16  10  10   9   8
  0.5985810011321298E+00  10  10   9   9
 -0.8229974727840261E-02  10  10  10   1
  0.4913254124765423E-02  10  10  10   2
 -0.4312752934170505E-01  10  10  10   3
  0.2810054518479077E-16  10  10  10   4
  0.2927117760661357E-15  10  10  10   5
 -0.1305776990650381E-01  10  10  10   6
 -0.1457433451416490E-01  10  10  10   7
  0.6970215209940074E-18  10  10  10   8
  0.4247527090833937E-17  10  10  10   9
  0.7096958498802491E+00  10  10  10  10
 -0.2735519404276062E+02   1   1   0   0
  0.5863746901804467E-02   2   1   0   0
 -0.2145236795032850E+02   2   2   0   0
  0.3945346835016718E+00   3   1   0   0
  0.2567853351876455E+00   3   2   0   0
 -0.8981321950140710E+01   3   3   0   0
 -0.4841213654782353E-15   4   1   0   0
  0.3314535476040981E-15   4   2   0   0
 -0.2284514203853863E-15   4   3   0   0
 -0.7436203001933892E+01   4   4   0   0
 -0.7336371543392112E-14   5   1   0   0
  0.3742756022171356E-14   5   2   0   0
 -0.7242933730348411E-14   5   3   0   0
  0.6661338147749809E-15   5   4   0   0
 -0.7436203001933892E+01   5   5   0   0
  0.3444626886932967E+00   6   1   0   0
 -0.1851533547564435E+00   6   2   0   0
  0.3716409911957385E+00   6   3   0   0
 -0.8150419756882010E-17   6   4   0   0
 -0.7838491114033398E-15   6   5   0   0
 -0.7405809814402094E+01   6   6   0   0
  0.2412137466080999E-01   7   1   0   0
 -0.3582755023653612E+00   7   2   0   0
 -0.6041457669391790E+00   7   3   0   0
 -0.5317627597092527E-15   7   4   0   0
 -0.6704474161607201E-14   7   5   0   0
  0.3086204648223188E+00   7   6   0   0
 -0.6493751196784530E+01   7   7   0   0
  0.6039007835275762E-16   8   1   0   0
  0.1680304611341390E-16   8   2   0   0
 -0.1533973825902044E-15   8   3   0   0
  0.3362409255182750E+00   8   4   0   0
 -0.3169734792646818E+00   8   5   0   0
 -0.6208677852356327E-14   8   6   0   0
 -0.8261130690626719E-16   8   7   0   0
 -0.7048975919950162E+01   8   8   0   0
 -0.1660404554352529E-15   9   1   0   0
  0.3314959707799268E-16   9   2   0   0
 -0.3035999497504065E-16   9   3   0   0
  0.3169734792646837E+00   9   4   0   0
  0.3362409255182747E+00   9   5   0   0
  0.7594502884884127E-14   9   6   0   0
  0.1165868913358798E-15   9   7   0   0
 -0.1433748952894831E-14   9   8   0   0
 -0.7048975919950161E+01   9   9   0   0
 -0.2003807518583702E+00  10   1   0   0
  0.7320078598360069E-01  10   2   0   0
  0.5635482394941551E+00  10   3   0   0
 -0.5661761184756604E-16  10   4   0   0
 -0.8198445244779527E-15  10   5   0   0
  0.2937528155787028E-01  10   6   0   0
  0.2945699428680695E+00  10   7   0   0
 -0.2183507710643589E-16  10   8   0   0
 -0.8038894800058411E-16  10   9   0   0
 -0.7115612536915656E+01  10  10   0   0
  0.2222544277800000E+02   0   0   0   0
